LD1	LD2	LD3	LD4	LD5	LD6	LD7	LD8	LD9	LD10	LD11	LD12
a2	-17.7993570742564	38.8001255294999	27.5108017579325	-70.9897037008554	-26.4412875700981	65.4210295323904	134.03837727177	-57.9312223262494	34.3211510283118	-62.8568343745213	14.201552154782	154.126131451907
a3	6.27335832976206	28.3951944868603	-87.5256768689466	-29.8269435293525	49.7346606533403	-22.388740484092	47.3774703272738	30.091527536165	-124.415761401867	-54.6285083235516	-65.7746957958308	30.0026578208468
a4	-19.2283140547257	-32.1873304107142	-131.099995132989	36.0991525332622	-3.45857168051634	-76.7760017199957	-90.3615573011893	50.2298532013045	-7.80710714621334	114.070184026094	-2.41901841730986	-108.819223466744
a5	-3.01489596655209	78.0446280048081	25.5249508320997	-29.785164636345	95.4153902789635	38.0951455606766	-52.7483177009186	65.4764527469866	24.2527728660532	-127.547775791711	219.991745194752	88.1683215831186
a6	-68.3666159796204	-32.1552074142525	-108.117119105746	52.9707216541717	91.7904807521864	-101.509510039036	-139.001180788916	27.7258168190922	-158.450785046039	95.1224980037869	0.383651042945291	-292.485819764241
a7	-83.7738444006519	-139.147365567175	-33.5403409907548	-86.9882304790058	1.40333349104734	-162.701211883727	-161.377645961737	170.395853847906	-49.663414817393	297.550941300899	-131.180641517916	-163.159136606001
a8	-167.696637527956	149.335271787801	231.608431042389	-40.6167890603084	-55.2999433662812	-17.9998715521137	78.9803198876651	-86.2408250958547	49.0024389338091	-197.80330430788	-146.7561998586	100.836115794983
a9	64.0964864610397	72.3162045371095	97.686913666364	-90.803961683995	-121.163201940134	99.9916599306133	207.549279624223	-124.737784154149	-90.7032114022223	21.7847131560617	120.357816099139	-29.5016796906627
a10	29.1249028610013	-32.1505279016484	-43.0120838990394	12.1886425768528	-166.080876306151	1.37210420621823	-35.6125513969947	-4.24244291774409	157.647259252858	212.952646726938	-371.011536548137	92.1059057146191
b2	48.5197965278001	-12.5701866626474	-1.71492490434073	-28.3398774754352	11.5672029110114	-16.4013718876519	0.357550402401836	-2.94205968905747	-15.4760253895462	-17.9329305976054	-31.3778708164661	-16.2142408221625
b3	33.773063992084	-70.5281227206451	-80.3769527506403	-19.8928738817971	12.0710178320705	-96.3314033532682	-109.185699524389	103.411024860901	53.6412817270753	116.600747638475	-18.0122960625859	-197.613537416891
b4	84.2827597871208	-17.1739400210092	-22.8144449536927	-86.0274539141425	-86.2487313517923	119.871802946476	0.45403658929319	41.846648560573	170.091924369768	-118.869789936565	116.626382327246	114.199491659365
b5	29.6628897552131	-48.4177965520582	-101.809485777779	-77.29394573178	164.083407279114	-30.1844518808713	17.5335373367266	18.8039538346154	-90.7778077462875	-21.998636607916	32.1609794750749	51.7205793813343
b6	62.2287565000027	-199.540788946981	-74.157674713023	43.2759238949326	102.261962447936	36.7238537894969	89.4924947694373	123.759776107981	-213.378197400219	207.912735514259	-152.133954334232	-36.7746357733354
b7	-201.056104928553	-60.4494187409742	173.82769043931	44.3753401844752	-1.39795900145023	29.1993731214423	77.9149065783766	-178.66762195754	155.75466705409	-13.3969733252059	-8.5647525773733	278.835008048174
b8	-137.291260841567	100.745973255878	92.6221678284153	153.444760275279	-50.9516113809263	49.3517591755996	86.2692615532798	-159.010580829247	-32.4978534259448	-213.328177151599	169.716019337406	6.53842488875705
b9	-84.8501039543251	-39.8806268488313	-34.1082735794483	52.952460359053	3.43746112959573	-205.160037383414	-145.108443725298	52.535982618353	-84.7000080267311	75.7332992120449	-139.732180421348	-126.694068088004
b10	54.643721444368	200.131313412118	-3.94768568671925	-122.438126557678	32.6157868698953	-315.962074055802	-46.3961195207287	144.888392682326	-187.292442792536	-273.491577383726	-279.953026354174	61.9464480197604
c2	-97.1098415481459	-16.9253861424507	78.9263630229961	-68.5412701910927	-11.2748629137025	10.0709173468308	4.1883616001737	93.9487742676776	-33.5305337323195	-17.9836379324022	78.3929588495373	-1.54771265078504
c3	-24.9190739434155	28.064236719693	-23.4961269957192	-55.3524195849351	-103.384136087998	25.6406571075237	-170.951573958462	-4.74804741099298	-17.9028464828118	35.5997218706106	-31.8485406562394	182.466941611301
c4	187.878537350299	164.375269596526	12.1822800727674	-20.4645062292618	-103.724221511696	-310.389648006688	48.3985531907474	-228.961942112436	-102.516644288595	195.081175814095	21.1211909137783	60.3256454661199
c5	252.311056821328	132.603619609709	-130.263488323226	98.6783271772731	-152.494285878831	56.4770927263429	119.231985247315	148.542227951107	-181.421601798606	-130.306535340972	159.959498316952	-260.417504482511
c6	-138.763121483235	-26.5943068272544	-248.360024098937	152.309154574837	-69.9178029875679	-77.1976028098359	-20.5363875767663	-17.9104126098576	2.40486869953939	-345.252752328542	-304.906754956036	-4.91526188673218
c7	25.5160979470162	-77.8429913128852	19.8044735950956	51.2238173744546	-16.628982721114	144.331614919903	-17.5677280966373	227.412164175129	-96.3778012970238	-120.390249987663	28.241485018689	88.9033686318144
c8	-123.803391410189	-266.396814109368	184.960329536601	194.616781783777	49.9653928568264	142.307924157452	108.444631436188	-9.25060369811447	18.385250829313	416.086194884191	-11.9010526041392	202.122106468915
c9	221.904212989748	38.3688597629708	-184.707789674092	-132.071461389314	-97.4711134934884	205.411815176029	269.415332911398	-229.752054711154	177.9794379175	290.196313732219	346.775431532825	108.342036186523
c10	15.5579828143668	205.852153426616	-103.128934375019	162.632494208961	197.17246284124	298.832490679583	-52.2948418420182	-131.984233965392	-71.5258762304428	84.0233380292827	258.75732413682	-103.447855992297
d1	-23.8975830409758	57.1174053122186	42.0435498880205	49.5009426869073	-8.25289872198099	-40.9599320256161	-14.5258191610017	51.4025752771801	30.6126314254626	10.0503937197457	14.639925485651	-3.24802508730185
d2	4.00914395923492	31.9739245569632	39.6661724428759	-17.7542008976144	-80.1376431235039	37.5323230541165	-67.9542855001937	-19.4441238971169	-35.3672501682725	80.1675196983885	-15.3625059154419	61.3217831987601
d3	-41.6373842368535	165.341189529555	-108.425108816303	-86.8893888271424	-5.56145336220744	-168.913620080404	127.187917557509	-129.680731589502	-1.59711905463462	53.1185862328582	19.2843283201018	-10.7179071815026
d4	-60.0767926151048	24.2908867331448	-147.920436353579	53.8548154787721	-193.137839981167	39.1401828692446	96.6693913018871	85.6669738463519	-1.78102509085725	-195.605187984218	33.2366884737425	-172.714707546417
d5	-184.302098627703	-223.80852693581	-125.013919277774	-13.9550014877174	33.5922374931951	-91.41024214202	94.7844995993924	213.509112147637	-117.461731084486	-260.543593146709	-224.556716269324	133.270067512099
d6	-133.95589008075	-211.303876460095	169.992086245167	-220.167440122779	24.6421247850457	134.735070296816	221.496895342114	235.284377473321	-72.3443029153476	104.004440286343	-2.25593518305202	15.3986100991932
d7	-36.9591988342141	-219.992917527428	180.587724217619	-186.773019183813	43.3205264328464	160.156089400741	21.7682578660208	-28.2103663824114	80.6764249005151	563.849079851047	-6.49022640701933	52.2508323494568
d8	-29.5419743758894	224.843168441156	-43.8367274867309	190.172886219621	-119.013113178186	-206.333632036889	118.493329014499	-216.08004503823	-43.7087286631572	306.825436593594	-5.32146312551814	-162.492622864915
d9	428.92433387354	42.6777615239898	49.8507958660966	13.6922873100749	-116.433999886531	-64.2269233377026	19.9610834718083	373.804572939995	-248.322296098372	133.23164081594	82.5590311059423	-209.275779642212
d10	-38.4789030093022	-35.093682646867	-145.212079817441	-19.9809160245459	-322.064360928355	-233.851283346477	177.192916226099	-57.617155544468	203.653217333519	122.59096847696	-431.999136704254	-338.77062697198
