LD1	LD2	LD3	LD4	LD5	LD6	LD7	LD8	LD9	LD10	LD11	LD12
a2	60.0293242002882	20.2441066445532	37.3290572446973	37.8520471712365	-12.5187258389046	18.4348647409024	7.27461250503358	36.6402919356185	-45.737026446863	75.614904867175	-68.7885749230481	-171.126674240217
a3	-48.8764894069001	56.1166585605956	54.3504755231916	-13.910513984444	57.6065319761584	65.5145066489966	-60.9853740991167	0.564201104866317	-71.0026282794929	139.877337858857	-72.1471985379037	-280.092636840917
a4	-56.1899713114004	52.3863497945314	-70.4168437113017	-122.754651704211	127.477669482549	9.59651771745565	13.1911214593718	43.9264525745815	20.5084895035747	-26.3492394025766	66.4866478726406	180.810242053419
a5	262.105243264593	-222.459356209554	-21.6035361678056	62.9143588615031	-13.763615030656	-138.734410455569	140.606344355374	-43.014732408963	172.982606404811	-408.252326125627	110.007355024259	527.376207491814
a6	-30.6432101618812	-199.36010813161	95.6129245289405	118.363367162841	34.716374074327	-138.933143129363	-155.807175467715	-301.12056636552	-75.4820420539868	-211.386080511911	163.967026342728	376.355248335818
a7	-366.301195970507	210.261040885081	-58.5341112865966	-240.479380676536	169.657091727257	320.401919794842	-1.93869403514841	-57.8652725326466	-30.6342840924588	329.188904183631	-67.4562667409414	-158.592920108635
a8	57.5851622879927	228.456398588711	-119.860307006402	-71.075944053173	-52.4863849161904	86.8543402222321	128.526683181607	329.821928384774	-221.145409596874	315.025439402321	-229.32052862564	-347.440689220229
a9	200.037973826048	-166.73080912513	260.385532763779	211.746561838572	-102.806526578832	-319.973833720172	-155.446231444777	-13.6973435513034	-283.572261833805	85.1734104805572	-17.6284862026259	-109.456577659565
a10	-112.16934647615	-149.178563164965	180.435016381449	84.5080831923014	-0.0327304703047326	-41.1196594803719	-110.344719358298	-268.783233423727	92.094774168482	-317.074459550756	-139.049093991733	137.186087617987
b2	19.4454144701989	31.4845575239622	67.103854328691	46.9294550270566	50.5940452535812	-11.4794531932218	28.4245676391729	62.9267387910402	-11.1357559779779	57.8401677518811	-24.7199518009881	-121.416961460204
b3	-68.1388780054564	8.50922015996512	-32.2494111256751	-33.3427973627612	-14.761144414535	-20.2185572583676	-55.1258147595591	-79.0561352832413	52.2432643155575	-64.1204355077253	18.5746271806119	189.441716824205
b4	10.4540928556499	-180.466089436982	-78.343188508385	14.503665810485	-172.254240862862	-29.4231245588597	-29.9502217702332	-105.993327952076	71.0958463039872	-200.728845217844	59.9414201667987	397.817746168092
b5	239.629730095108	-109.060154971515	72.2863606146701	134.390056295916	-116.536255012871	54.8198307242207	69.2809576371709	191.412765394207	28.0999946635392	-75.1251078930053	-36.3665535377634	-40.8832584343467
b6	-72.5530468584562	284.534981237669	10.3378899418725	94.0465809181277	156.713312993137	45.9596302328411	23.5145258825649	82.2713224816575	-311.470259995908	487.120937032157	22.542014803412	-472.711274817727
b7	-172.387953153514	217.41595201548	-148.978740429554	-71.6709980246743	-59.3615523630522	85.742960503093	-151.770972412652	-106.76143055755	-187.248671900754	151.296001175745	-160.06740849367	-539.352964865746
b8	382.301265501356	-325.84925213173	128.767702467773	62.8869240948784	-34.9612997569162	-122.898497890628	-78.7452805416553	312.963288875036	374.384651942634	-92.1610138652041	-89.321663579953	-215.65656112674
b9	109.414254261462	-98.928120932333	76.2344220229145	231.616825039143	370.261966238656	-163.814402232643	258.47580223176	-119.989475302009	23.0401072722716	-227.218407084481	29.9299989679143	633.17617740856
b10	-248.003289187327	279.544229876893	32.8933515075713	-83.4035568561223	83.8369838538656	429.752691786586	-125.113070576115	-438.468778378458	37.371047293047	-106.289884944254	86.6564209006439	440.748170250538
c2	-45.1520046265591	-31.740226659987	-101.76226090231	14.6202980394689	-33.0094184141107	17.6383815031545	-78.5362404999296	-51.4697197166995	-48.3124294570858	1.687093964411	46.7276720923975	33.6058411010564
c3	37.6377541216947	-35.5034958992903	105.720828336958	-11.3314562100285	-72.37595722378	278.957138307387	56.0388091829927	-83.4697994338212	-8.36350076401014	-33.1335053888823	31.4723025037741	81.4901933119265
c4	-68.943867373783	119.060822588084	33.3576492661789	21.7614767851406	-80.8285339919221	-7.45976201260014	-90.7907794915785	-53.7933759823635	-36.4240575714542	24.5750403337163	39.4733446812297	38.3543820148459
c5	-285.213645554279	155.075372243928	97.6722887027721	-51.5369373725202	143.600226024036	-100.228244105541	109.889383444818	-182.298937379559	38.3320646303987	248.581715757427	107.522873780257	121.910027349839
c6	-34.5181730838476	-21.8289829781714	27.828476604962	-161.35869304088	66.9005534358908	23.8801039140021	117.31645524744	-401.815393525967	73.3804638624137	-304.05595095863	-43.2824825519145	-267.537535994829
c7	239.549816789472	-295.209697891091	-19.0825497554616	-166.070555698761	-11.2965969129787	-51.1267656306557	-272.497630307946	304.15957413692	218.739232162233	-12.3218458595728	0.0104519960669983	59.4065438089141
c8	11.6365493128243	-63.3953329490119	69.7008297894298	142.652133901517	-118.503880857625	-50.1689099691884	149.389675449358	331.598553565505	-267.204858914166	-359.196378222064	164.79701801373	210.418376551127
c9	-133.703407771563	147.034263305781	-62.8656975860529	100.661227005355	-354.057821615613	96.1721089222757	53.8862830593821	-79.5295963249381	-154.22589863588	-278.85432888553	355.977440974034	-90.6526761143088
c10	24.7204851382679	35.5583877500114	-148.33681081285	-8.244916168167	-24.6398837902774	93.7947466872034	45.039503585179	-105.841759676529	-138.803068367193	183.981027488635	-105.095182912984	145.971448197411
d1	-13.6056828226808	-66.7990804993117	-25.0396742220959	-27.9192336236968	4.84221503400802	23.2572708892881	0.137075629683565	-11.3090533550087	-7.60396799317078	-4.48850857737349	54.815503767051	5.35691845107755
d2	19.8344917875922	50.4866308036916	-44.6175957642162	-53.3129835464621	-0.981648869852557	52.0514399288343	83.6854161804689	-6.94917006696161	-73.2352421962514	99.9873422096917	-38.1078794935295	91.9249589861161
d3	73.1473394719836	55.9572024576383	132.745338779576	26.9492629214125	101.990420447343	-16.0928610759962	-27.4705765311143	-153.284512526052	80.5081674396333	-48.7638774229417	24.317884916653	18.3980651852806
d4	-99.304682861332	223.688489104299	48.1505178720102	-129.338740961535	167.760802291187	-77.1520958690855	-101.425009610183	86.0722664131531	-6.12767554346484	69.1277003024517	118.627528829295	-244.179513196215
d5	9.616683927778	-178.585356345816	-206.761565828208	-159.564377739064	136.927472476396	-35.9919268089177	70.3925215406307	105.841972722325	140.788905319121	-55.2145905902204	-404.633682926225	-162.926319784428
d6	168.653956091509	-296.225979844077	109.596440765108	67.9391332529946	-42.3210785642325	-86.8460538583713	-322.613288254189	82.6707314798716	-151.161981048513	-184.306542618559	-93.7160486708417	186.62101995994
d7	74.8419729368506	13.0198231797713	250.121814142897	-65.0834859907953	-134.342706183087	-40.6969357640317	-118.013835674443	360.443691636128	-209.880722720891	59.9260156345509	372.446078590446	-221.850681148702
d8	-345.245987257485	118.534334764792	-188.273483002624	-94.3227621953817	-65.6626884669377	207.26839001574	258.751590985879	133.992318801756	-129.948059031491	-219.30794535055	-323.91703942945	21.1813398023168
d9	-16.6968843641692	123.695139732292	87.7557347625517	-88.3683594693768	-118.236802441279	-245.70194614723	47.4670035181927	-387.866751959585	-206.042766346574	413.219110285825	-88.769726934231	272.714405589245
d10	219.278846984422	-16.1191709848374	269.872796604857	-281.999640990788	-37.1238286018566	-245.327881872409	-337.459317600431	-350.135571093914	57.9642375265814	395.330833308826	-112.594029743674	-58.5759854986219
